205433002
205433012
205434002
205434012
205488012
205490002
205491002
205491012
205578002
205578012
205602002
205602012
205602022
205604002
205604012
205604022
205604032
205604042
205604062
205604072
205604082
205604092
205635002
205635012
205635032
205635042
205635062
205814002
205814012
205814022
205814032
205825012
205825022
205825042
205825062
205825072
205825082
205825092
205825102
205825112
205825122
205825132
205826002
205826012
205826032
205826042
205826052
205826062
205826072
205826082
205826092
205826102
205826112
205826122
205826142
205826152
205826162
205826172
205826182
205826192
205826202
205826222
205826232
205826242
205826252
205831052
205831072
207741002
207741012
207741022
207741032
207741042
207741052
207742002
207742012
207743012
207747012
207747022
207747062
207747072
207747082
207780002
207782002
207783002
209100002
209100012
209100022
222832002
222832012
634810002
634810012
634810022
634810042
634812002
739322092
739322102
739322112
739322152
